
|  ra        |  dec     |
  183.4478     13.4263
  183.4524     14.8992
  184.094      13.307 
  184.707      14.4182
  185.3242     11.5109
  185.7282     15.8259
  186.0054     12.2042
  186.3561     16.4699
  188.5844     8.1982 
  190.9865     13.1257
  183.9758     13.1486
  185.388      14.6055
  185.426      14.5992
  185.8206     11.3678
  186.4986     15.6695
  186.5306     13.1125
  186.7987     9.4206 
  187.9972     14.4197
  188.4155     9.1741 
  189.1378     11.2581
  189.1431     11.2394
  192.0628     10.9835
  192.0958     8.4875 
  187.1803     14.9993
  181.0469     18.4442
  185.3061     18.3842
  186.3423     10.0167
  186.4442     12.6629
  186.4819     18.2145
  186.5296     16.181 
  186.7348     15.0476
  187.1218     17.0846
  187.2459     3.5706 
  188.861      14.4955
  189.2088     13.1653
  189.431      11.8182
  189.4516     5.3684 
  190.2401     11.9121
  190.3016     11.886 
  191.9403     13.7617